nbDataPacketsForwarded(1) = 7511;
nbDataPacketsForwarded(2) = 5505;
nbDataPacketsForwarded(3) = 11146;
nbDataPacketsForwarded(4) = 2123;
nbDataPacketsForwarded(5) = 6171;
nbDataPacketsForwarded(6) = 3995;
nbDataPacketsReceived(1) = 888;
nbDataPacketsReceived(2) = 1096;
nbDataPacketsReceived(3) = 1766;
nbDataPacketsReceived(4) = 689;
nbDataPacketsReceived(5) = 2051;
nbDataPacketsReceived(6) = 3003;
nbDataPacketsSent(1) = 5026;
nbDataPacketsSent(2) = 9775;
nbDataPacketsSent(3) = 14792;
nbDataPacketsSent(4) = 5034;
nbDataPacketsSent(5) = 10025;
nbDataPacketsSent(6) = 14906;
Meanpowerconsumption(1) = 4568.388295312578;
Meanpowerconsumption(2) = 4568.385707620244;
Meanpowerconsumption(3) = 4568.375681549577;
Meanpowerconsumption(4) = 2312.393294606786;
Meanpowerconsumption(5) = 2312.384792518969;
Meanpowerconsumption(6) = 2312.382236690596;
devicetotalmWs(1) = 22852942.73059256;
devicetotalmWs(2) = 22843878.70727151;
devicetotalmWs(3) = 22843107.05605520;
devicetotalmWs(4) = 11564036.24183019900240;
devicetotalmWs(5) = 11565562.94846562308080;
devicetotalmWs(6) = 11561933.19478825633160;
