nbDataPacketsForwarded(1) = 1101813;
nbDataPacketsForwarded(2) = 63377;
nbDataPacketsForwarded(3) = 620031;
nbDataPacketsForwarded(4) = 597444;
nbDataPacketsReceived(1) = 234584;
nbDataPacketsReceived(2) = 30516;
nbDataPacketsReceived(3) = 138430;
nbDataPacketsReceived(4) = 124883;
nbDataPacketsSent(1) = 750985;
nbDataPacketsSent(2) = 83055;
nbDataPacketsSent(3) = 443017;
nbDataPacketsSent(4) = 442832;
Meanpowerconsumption(1) = 9155.161922267751;
Meanpowerconsumption(2) = 1130.18727604920108532;
Meanpowerconsumption(3) = 9147.711983662616;
Meanpowerconsumption(4) = 5450.880443633675;
devicetotalmWs(1) = 45867365.40113161062;
devicetotalmWs(2) = 5662268.24189846232838;
devicetotalmWs(3) = 45830070.73429010948;
devicetotalmWs(4) = 27308924.48876013890;
