nbDataPacketsForwarded(1) = 626625;
nbDataPacketsForwarded(2) = 26708;
nbDataPacketsForwarded(3) = 285076;
nbDataPacketsForwarded(4) = 274954;
nbDataPacketsReceived(1) = 151107;
nbDataPacketsReceived(2) = 22745;
nbDataPacketsReceived(3) = 92122;
nbDataPacketsReceived(4) = 85429;
nbDataPacketsSent(1) = 403543;
nbDataPacketsSent(2) = 44750;
nbDataPacketsSent(3) = 224700;
nbDataPacketsSent(4) = 224725;
Meanpowerconsumption(1) = 4567.532341772160;
Meanpowerconsumption(2) = 563.922572474697;
Meanpowerconsumption(3) = 4567.970596264494;
Meanpowerconsumption(4) = 2581.275856229671;
devicetotalmWs(1) = 22883366.89972212;
devicetotalmWs(2) = 2825800.678897583792;
devicetotalmWs(3) = 22885832.22408378;
devicetotalmWs(4) = 12932639.39330335;
